98.00
75.00
80.00
12.00
26.00
72.00
60.00
52.00
12.00
34.00
60.00
97.00
14.00
31.00
54.00
67.00
18.00
52.00
70.00
97.00
85.00
31.00
67.00
12.00
61.00
34.00
80.00
60.00
42.00
18.00
56.00
77.00
55.00
12.00
42.00
42.00
80.00
12.00
43.00
90.00
90.00
52.00
18.00
14.00
31.00
26.00
85.00
12.00
72.00
52.00
75.00
67.00
34.00
100.00
12.00
83.00
12.00
70.00
26.00
54.00
83.00
91.00
26.00
93.00
35.00
12.00
94.00
36.00
42.00
18.00
97.00
67.00
83.00
52.00
26.00
42.00
90.00
12.00
60.00
19.00
52.00
90.00
20.00
93.00
26.00
42.00
31.00
52.00
67.00
52.00
90.00
70.00
100.00
12.00
67.00
52.00
77.00
75.00
12.00
31.00
