52.8640419475
52.7806777811
66.0915392799
88.9021684901
71.3251261914
56.1015511025
85.9228514611
51.5361111888
79.7621412708
91.5830503695
57.0911883793
68.6233988717
30.2377353756
88.871545459
91.3367563301
32.6812720962
67.0063363684
67.257594801
60.2556667131
73.2000575246
72.7270761204
68.9445758247
74.3491932047
21.9117141708
56.1168527406
62.1508180129
81.519856776
83.9366468805
70.3311684039
28.3051018577
64.8148565061
57.8575366656
88.3428198016
71.243337871
73.9270041821
86.6805998766
77.684428913
58.5028082775
70.6620800118
69.95600057
74.3272284688
71.1167701829
87.2031843465
76.5600234669
73.0782492803
84.657384596
88.7528703949
20.5361343365
24.599027345
69.5359728781
76.0858642131
58.3336088684
92.2460613381
87.365611051
25.2027288244
74.1000578341
82.5166821541
81.0482969859
40.884282505
51.3364878771
68.1280632439
70.0475673858
62.1032199386
51.3238914901
57.687528508
56.9332355729
70.1197239306
83.8513810448
90.6769816151
65.6600120058
70.3209323709
83.8647783497
58.1928438338
73.2789967441
79.8430633844
38.9554770659
79.1285062572
64.1242958053
75.5832351986
41.4801107039
61.9028094789
71.7762249051
22.9879897254
84.2266808088
98.0532505242
43.2649541235
57.7797451735
35.4594310646
87.3194613698
39.2830598665
50.9911216451
84.9693671528
41.6760779548
28.5999613061
69.2179518909
70.8456603852
85.9927619037
82.6451312157
58.9721108493
58.4867760634
48.7740099489
58.5023456281
84.0762109229
71.5943959915
50.6732165331
77.5226341605
53.0441011615
73.1151611819
84.3187741822
77.8619889731
61.4646345198
88.3657499396
63.008214914
30.8247966475
76.5922730176
66.954319406
72.9096181311
44.4657843736
69.66917127
41.7824281714
28.5383895693
85.0309028674
45.9592140422
77.5999435285
31.8127632018
58.8926157744
36.0330761208
33.3012537047
50.932861023
82.7251148202
35.7364616663
52.4021207869
48.3068710421
95.3642579848
86.356176764
67.8989060328
91.9905185942
66.3106256483
69.3120180148
56.1747590842
68.820560871
39.1359309032
44.8121225728
85.8491674215
74.2046896063
56.4046251123
79.6909813057
71.0735050678
64.0609092669
50.7468419012
56.2538196226
77.6405938446
84.6505937949
74.0007599182
66.8824143195
82.0976833229
49.0065435729
25.4764795765
49.7282731048
67.696941088
77.1640381094
68.7837657673
71.800196664
41.1730510798
44.2577028073
75.4921148722
59.7614164592
73.0870005555
47.5135694219
62.6859709375
70.0062403457
53.1276827614
68.4054365434
64.5189210689
72.3451957233
66.7526731098
10.7571730028
72.9440918967
85.5238318551
79.6213960029
80.7369572286
68.3445281739
84.120947404
76.683135643
66.85145558
90.8732769239
85.2017777155
60.7437380012
20.8340856925
59.6566067684
25.8004780958
94.4312256407
67.978435716
25.6094724746
68.2529990995
15.7227168943
35.7462482324
74.4745460846
64.0102833162
69.1408708776
99.7635845486
64.5280507455
57.1686887053
80.5736699842
74.4487757288
92.2285134633
70.1999453422
55.6036409541
66.6052431193
33.4444564885
71.4647216842
38.5354682974
44.6497142808
67.7529820051
73.2099217832
59.5906795391
48.0419814214
63.7633210498
81.1049085692
54.1911951798
85.9017016962
81.6353633204
29.0230098134
72.8448920243
42.3953872198
9.55540933186
16.5581994939
93.4639573939
86.0007382768
69.8136418555
37.6829422828
82.3566270665
90.1202483524
60.7055393728
89.4492015404
60.0927933734
56.74334242
75.26660026
59.3013673723
58.2771821116
86.2529750973
82.7240451572
81.9615539868
90.1702057136
32.2407394535
66.5331583625
76.592538046
81.2484936407
29.4746714113
39.013215223
59.4262776424
52.8090804137
68.0188008402
56.0387103895
69.0133438156
88.9270690067
83.1258106698
63.0557464963
37.5248622842
58.0445705034
66.8925079764
52.4565254111
86.4325180622
80.4960707577
81.7426670162
72.4962638532
90.7658031478
72.0185860419
73.9066486887
84.8831928479
36.0798935815
13.4451986789
34.8101126418
77.6403337371
69.9209907146
12.5269854619
58.456244581
95.780091097
75.1853374539
98.468668459
97.3964989381
94.7603908898
53.6662966894
73.2178625395
45.5449673441
79.682515557
54.7769102216
61.0252058242
74.1845895226
95.1556463341
27.4681979778
77.3206679314
80.8574314351
77.4262018326
98.4457903756
61.4007904233
64.5637373008
72.0076774865
77.6226754088
55.7807759561
77.0024280493
83.5993367804
64.7938567148
79.4117112009
63.5533011578
38.4109612444
81.2084245179
51.1063198402
69.6675207146
63.7023572062
64.6342231487
64.3539652883
50.1697025174
38.3974655529
74.1887752124
55.1071163936
58.6256326006
61.4107965357
91.3597735635
60.5173080046
61.3559441837
76.5573860166
53.2108075672
34.5643654726
32.0374164324
44.2827683869
57.4408397588
78.4140785376
75.4080969123
86.6056548452
91.1067403272
29.9070478795
54.3078307569
76.0734758939
34.4392449747
80.6849038062
51.420715768
62.1927266175
82.2890289644
58.7750804465
62.8261016403
67.0363412433
53.2770804428
65.8955137327
69.2641070289
53.1328843892
74.2468031106
81.95917204
48.9906470494
71.9176138958
73.8602632925
62.8508294807
49.8629695694
51.2263167037
68.8946728249
50.9691746769
56.6858170742
30.2089872222
57.6754845362
50.197277025
94.2602652413
52.4258728425
35.4027542873
88.8614903781
63.3587015089
84.3017776162
24.0443825242
99.679021473
32.2484855057
33.993519269
43.1946291834
58.4857152627
59.8311780792
61.4202567446
61.6887717245
73.364092157
78.936130056
55.0065758749
49.7942494132
87.799462675
41.8552316279
66.719535577
70.6090745036
30.6085830743
79.6458640375
53.1344797497
54.0734869529
89.5690272696
36.5952433882
77.9158129492
63.2330885572
33.3588872443
70.7472948489
30.2234989685
66.3185172317
81.4527162692
88.5774123511
70.9712771381
58.5667477303
33.7295819532
100.0
70.015966881
87.5370541133
37.8187562898
9.78529464412
79.589364752
50.064212425
38.5630566493
83.7359968273
61.824646286
61.3428938232
62.1249619806
77.5443434815
46.142702876
64.5896808408
38.5104273509
34.7496226929
34.986465914
45.6908879434
50.9465600357
53.7794795956
65.0925965059
88.0680129379
68.2829258123
79.437999793
85.4627707748
41.379233148
34.1940035382
47.4489361201
55.1536792777
73.4457853983
81.5080125973
76.0018544928
87.8716640987
91.8825173175
84.1332367627
34.2174069851
52.5200902068
52.5845706337
96.7339869357
60.9940719921
100.0
91.9105325419
42.2031473271
79.5275686582
87.5409537007
40.1739971738
88.1143028672
58.3111953013
94.1700940325
68.2548563281
59.6426643746
54.7492740305
82.0364755969
69.8605677862
67.7398944713
63.2914635852
63.9691888529
61.526552046
46.4125282445
54.5560618382
68.8838276178
81.9043296956
96.8894743224
84.3181239227
70.2113035862
57.70597207
75.6412279436
59.5650107018
62.9889245849
80.0241180228
64.8364740632
79.7975433634
73.930473173
18.1664680368
67.0250014294
47.7882629264
61.4887400511
59.2554706127
37.0631321439
26.8261748542
57.6700795982
80.9441730671
79.7119120049
54.0301557211
57.8972630172
40.445602803
62.9117545256
90.8588374239
86.4513091879
27.906653193
84.6207600082
65.8803085827
44.2338555021
50.8829856803
89.095440135
55.8322636538
38.0959967868
34.2142301929
33.9214076011
69.1186872815
69.4884120943
91.8837371696
83.4481927577
49.0441057392
30.6791721192
70.7095828361
73.1287076131
61.1187000805
38.2858494055
65.0241161524
64.1622645722
85.2830990198
82.1441557771
84.4724500701
91.142845827
50.9554304173
89.3968291244
87.9381682465
53.8470229067
11.5414247527
78.4653152076
83.8925429939
64.9566522963
76.378322491
52.9143872323
87.7647030134
94.4994979346
86.3930717372
71.024021672
58.7511644687
78.5358918168
90.7934748383
96.8881869971
27.4134843352
77.9167996925
51.9689846955
84.2021023708
61.5647231444
60.7525349854
79.9815994995
66.6815965814
76.9073580856
51.6018393227
47.2074771326
68.0291527679
76.5356918969
80.7100628813
72.0326419313
68.5351654451
54.7746883542
56.3371726622
13.9678533588
72.2558750899
64.9840177153
91.5482271719
48.8185146898
87.6156557406
41.2331310102
87.282455356
57.1629530995
60.746298088
35.6643848092
92.1526233929
83.4576127319
71.5632474033
79.523548596
73.7699618168
34.9279387803
34.2313366906
63.967190094
79.151997574
69.0793904138
62.2102903891
69.9655081219
46.32245085
45.1388172708
82.0443180525
68.1549711259
83.4742977431
58.9032867791
87.4261181157
27.5490120071
36.9546892119
72.8975088956
45.2966183825
45.2585793617
43.0771205978
78.6085929342
60.6594500876
80.812124807
48.7468462753
73.8574249206
64.836461432
54.7175232899
56.004994203
81.912975192
56.4239587411
82.5823896018
58.4432576862
63.6565517023
61.1826514947
80.9127693819
70.8423193211
84.1033373125
43.4675085419
66.5644868803
57.9598364657
19.1966056676
51.382990756
50.1010977667
52.7793158683
84.8786510158
56.9107751439
47.1791485123
69.3103114857
16.5661144989
81.1823657087
78.4164792076
96.423145525
40.5019441104
73.0214591759
57.3606707321
52.2228061345
30.909264582
70.8984385749
60.9971836561
43.3484375515
76.1187147308
80.4163404223
91.0203181948
55.0694905629
96.6385259892
73.2507174274
84.7709632348
58.7008491871
55.0037844888
74.8307815341
56.6728447169
55.5842719094
69.2214121621
78.3353957119
49.9632698798
68.8342932558
78.4006652496
59.0118643176
63.5514342524
39.5901991014
56.4173756442
76.4462074855
88.9295804186
50.3966263581
90.9284364458
62.4963822481
60.11916488
94.7468867618
52.7775067663
74.2409361609
84.3437539227
78.9757232212
88.3296810972
21.6356507228
56.9941639413
73.6243686502
36.6710829409
28.7010680899
62.0183825956
92.3951488963
64.6892994921
89.3611497572
77.1966679384
51.9797530765
71.6171554716
42.2987378928
79.4441136006
63.014528239
41.4347732326
34.6197642548
62.4771935152
86.1097246474
50.629444834
65.7738938907
63.3152251126
84.3616416601
41.3188312323
28.2150952751
67.2683664943
64.9533832892
51.3300767095
87.5312494695
94.1996844858
61.8673068787
82.0552333436
53.8566839049
87.0948787049
73.9528405383
69.6427098505
81.0404678468
56.3277733627
71.6511627709
73.4163070575
35.7302498621
57.7198895627
39.5780379246
78.0345976908
77.3688038317
81.9685193586
58.7542834619
85.6722304888
72.6648318758
61.2709232558
50.6649303325
83.9196317001
87.8288857515
75.4215176964
61.2331997629
73.3631655713
70.6593105952
66.318106464
37.3026910767
65.4439596975
51.1048492647
44.674404314
50.1352349492
47.1477953149
85.3589378469
78.5086463707
67.7020643309
57.0082140795
71.4445527666
80.5133349973
75.6008192944
66.8235255547
42.365820112
43.4345510004
22.8892546436
77.7715881046
77.0194333286
18.0929711843
80.2887246872
70.7050141698
65.620181308
95.2830433171
68.9619427104
79.8550807593
57.0699356494
62.2410079876
60.8108142869
60.3671372946
84.4358402095
79.5193680522
23.4719756341
61.2832493132
68.6908019367
47.4793455571
54.6011755164
53.930707167
85.1892113827
63.2488246831
78.7946584538
82.208556252
24.6968467559
86.7489957601
95.6279300829
81.8057528515
78.6612929287
48.5490298111
68.5464146815
64.1475637064
45.7710223438
47.6882675243
64.6000768955
53.2899649434
85.1520100548
51.7257455694
71.4205829482
37.3760959338
67.4079386661
68.8942912523
54.8876523081
74.6246892736
43.401743878
43.3076218156
42.6945227977
88.066841358
40.0037284431
80.292440515
49.1753726905
81.5721767195
95.802588493
44.2261397225
19.9401330392
12.4351651136
82.6269667652
86.6548268017
23.6710410093
53.8554966199
52.7472547976
44.2470846552
58.2095541036
71.517069216
69.513064936
34.7517870947
44.5348535138
62.5805663844
46.0590838359
47.8851439389
60.8009056157
51.6459004912
56.5360814043
53.3773093442
53.4569233421
53.3419770855
86.9902471982
57.4240611458
70.7036932742
62.3755117165
50.0300995346
62.4707648079
83.940680588
61.1541591914
66.8789748463
59.0708716716
91.8267369712
90.8056277106
21.5779097208
48.4629001848
87.4740989047
76.1550470289
76.8215518194
83.1753210778
89.4397756844
67.5233832223
84.1988147697
49.6899163256
46.3542804332
54.3072485454
46.5391366961
86.1508711393
57.6789423068
61.3246268117
51.6206566937
46.2379578632
91.3759407782
81.5866073173
91.1987007695
62.5904664258
73.179821454
55.0886105344
75.1177242272
64.5834658006
59.1759010438
52.0875213985
65.4425744738
99.6095996766
69.1779946826
51.454390646
72.3817809313
35.833457365
52.8505445214
71.3133452045
72.7875087872
26.028785972
40.1673004144
77.0043723731
76.8998797521
56.3782491168
43.0294236148
69.2812803329
62.1509540201
81.0107064404
95.1042174711
68.2172168938
69.4127074357
20.8482103825
57.5459358786
47.243385114
67.5382732463
75.6598926327
55.7625889986
53.4746197936
44.3715939077
78.8969889887
97.850467694
88.5371289741
88.6380166623
45.4554852719
92.4725082573
56.4195935799
68.9888780535
60.6655793609
55.305021975
83.0421193612
85.3434202338
36.6945908382
66.0028481602
44.0287248654
79.3866399628
63.8940895626
59.6401545464
69.5903442748
78.675169847
65.9444671169
53.5877842573
66.3010234591
50.1049012753
66.0354646672
24.8083161919
50.3213704494
65.2718083457
50.7320644363
75.842146428
47.6272267668
85.3140417413
46.0831218423
60.268696532
71.0435546697
70.8191937446
28.1709968771
26.1739279021
71.4755507644
95.6961193313
74.3487407125
55.2381040239
76.5225833095
60.1749018191
84.6458405159
39.8927090293
66.7444789838
84.999887318
79.2180020278
31.0566560536
93.9436618514
70.9120615507
71.3503557763
61.8151485609
51.2954448964
40.7304998776
61.7848283945
95.4227892921
65.9901043245
62.7323951987
50.5050492189
32.0757008607
48.0862985582
62.2255412843
73.9458783235
50.6699182182
75.7980544886
42.0728499237
70.489697958
68.6904759216
69.970859164
13.3665643188
89.048496873
48.1591571521
46.9182828895
76.4324975953
63.7327301361
63.8373309476
72.6438813837
67.6999214798
68.6988991291
46.0879276237
30.5011101889
78.3823746511
50.7653950592
71.242325257
80.5117624637
48.4803128545
78.7650669302
30.4604202276
78.1305780291
78.0876619923
49.9978431959
49.8710526411
71.4333538105
78.0298038624
92.1243386198
61.8247018028
63.8309678042
44.5019954638
76.8716269664
75.0271075735
96.2353516528
93.2739893755
64.7296774966
60.4520020571
35.4861320616
41.2712269518
36.4419410068
80.6783226946
53.5476272735
90.9126336698
79.7676063388
69.0288153153
48.0618984314
48.1672091663
74.9060979617
60.474359287
